100 250
1 1 1 1 1 1 1 1 1 1 1 1 1 1 1 1 1 1 1 1 1 1 1 1 1 1 1 1 1 1 1 1 1 1 1 1 1 1 1 1 1 1 1 1 1 1 1 1 1 1 1 1 1 1 1 1 1 1 1 1 1 1 1 1 1 1 1 1 1 1 1 1 1 1 1 1 1 1 1 1 1 1 1 1 1 1 1 1 1 1 1 1 1 1 1 1 1 1 1 1
0 8 1
0 11 1
0 23 1
0 71 1
0 99 1
1 87 1
2 30 1
2 39 1
2 54 1
2 85 1
2 96 1
3 41 1
3 49 1
3 61 1
3 73 1
3 86 1
4 12 1
4 50 1
5 10 1
5 24 1
5 33 1
5 48 1
5 72 1
5 92 1
5 97 1
6 25 1
6 51 1
6 74 1
6 79 1
6 82 1
7 38 1
7 66 1
7 88 1
8 11 1
8 19 1
8 23 1
8 55 1
8 71 1
8 99 1
9 29 1
9 31 1
9 35 1
9 44 1
9 66 1
9 68 1
9 82 1
10 24 1
10 26 1
10 59 1
10 72 1
10 92 1
11 23 1
11 71 1
11 78 1
11 99 1
12 21 1
12 35 1
12 50 1
12 74 1
13 19 1
13 39 1
13 43 1
13 60 1
13 98 1
14 15 1
14 17 1
14 40 1
14 42 1
14 75 1
15 17 1
15 26 1
15 40 1
16 36 1
16 74 1
16 94 1
16 95 1
17 32 1
17 40 1
18 36 1
18 48 1
18 59 1
18 94 1
18 95 1
19 43 1
19 45 1
19 60 1
19 80 1
20 38 1
20 66 1
20 83 1
20 88 1
21 50 1
22 45 1
22 52 1
22 56 1
22 57 1
22 58 1
22 67 1
23 54 1
23 71 1
23 72 1
23 78 1
23 95 1
23 99 1
24 72 1
24 92 1
24 97 1
25 51 1
25 74 1
25 77 1
26 29 1
26 31 1
26 44 1
26 46 1
26 48 1
27 70 1
28 65 1
28 69 1
28 80 1
28 81 1
28 84 1
28 93 1
29 31 1
29 44 1
29 46 1
29 55 1
29 82 1
30 39 1
30 46 1
30 54 1
30 89 1
30 96 1
31 44 1
31 49 1
31 57 1
31 82 1
32 47 1
32 62 1
32 68 1
33 72 1
33 97 1
34 37 1
34 88 1
34 90 1
35 47 1
35 62 1
35 68 1
35 93 1
36 40 1
36 48 1
36 59 1
36 94 1
36 95 1
37 55 1
37 67 1
37 90 1
37 95 1
38 66 1
38 88 1
39 54 1
39 89 1
39 96 1
40 42 1
41 49 1
41 61 1
41 73 1
41 91 1
42 58 1
42 62 1
44 46 1
44 82 1
45 52 1
45 56 1
45 58 1
45 71 1
46 59 1
46 73 1
46 82 1
47 62 1
47 63 1
47 68 1
47 87 1
47 93 1
48 70 1
48 93 1
49 73 1
49 91 1
51 53 1
51 74 1
51 77 1
51 92 1
52 56 1
52 57 1
52 98 1
53 74 1
53 77 1
54 83 1
54 85 1
54 89 1
54 96 1
55 71 1
55 99 1
56 57 1
56 58 1
56 98 1
57 58 1
57 98 1
58 65 1
58 98 1
59 94 1
61 62 1
61 73 1
62 68 1
62 87 1
62 93 1
63 89 1
65 69 1
65 80 1
65 81 1
65 84 1
66 83 1
66 88 1
67 90 1
68 87 1
68 93 1
69 81 1
71 78 1
71 99 1
72 92 1
72 97 1
72 99 1
73 91 1
73 96 1
74 77 1
74 91 1
77 82 1
78 99 1
80 84 1
81 84 1
83 88 1
85 96 1
86 89 1
87 93 1
87 97 1
87 98 1
89 92 1
89 96 1
92 97 1
93 96 1
94 95 1
